0.0587400720558
0.0327196340428
